   0.0000000e+00  -5.2164736e-04   6.0000000e+00
   3.3300000e-01  -2.1425936e-03   6.0000000e+00
   6.6600000e-01   4.8381707e-01   6.0000000e+00
   9.9900000e-01   7.9147264e-01   6.0000000e+00
   1.3320000e+00   1.0550385e+00   6.0000000e+00
   1.6650000e+00   1.7267587e+00   6.0000000e+00
   1.9980000e+00   1.4544397e+00   6.0000000e+00
   2.3310000e+00   2.7560604e+00   6.0000000e+00
   2.6640000e+00   2.2506488e+00   6.0000000e+00
   2.9970000e+00   2.3709231e+00   6.0000000e+00
   3.3300000e+00   2.2662099e+00   6.0000000e+00
   3.6630000e+00   2.0282548e+00   6.0000000e+00
   3.9960000e+00   2.0486788e+00   6.0000000e+00
   4.3290000e+00   2.0490029e+00   6.0000000e+00
   4.6620000e+00   1.9799506e+00   6.0000000e+00
   4.9950000e+00   2.0431675e+00   6.0000000e+00
   5.3280000e+00   2.0101002e+00   6.0000000e+00
   5.6610000e+00   1.9744394e+00   6.0000000e+00
   5.9940000e+00   2.4950877e+00   8.0000000e+00
   6.3270000e+00   2.2273072e+00   8.0000000e+00
   6.6600000e+00   2.6532922e+00   8.0000000e+00
   6.9930000e+00   1.8405492e+00   8.0000000e+00
   7.3260000e+00   2.8004743e+00   8.0000000e+00
   7.6590000e+00   2.9988785e+00   8.0000000e+00
   7.9920000e+00   2.7862100e+00   8.0000000e+00
   8.3250000e+00   2.6941401e+00   8.0000000e+00
   8.6580000e+00   2.6594518e+00   6.0000000e+00
   8.9910000e+00   2.5657610e+00   6.0000000e+00
   9.3240000e+00   3.2433176e+00   6.0000000e+00
   9.6570000e+00   2.1786787e+00   6.0000000e+00
   9.9900000e+00   2.0726688e+00   6.0000000e+00
   1.0323000e+01   2.0182050e+00   6.0000000e+00
   1.0656000e+01   1.9747636e+00   6.0000000e+00
   1.0989000e+01   1.9235416e+00   6.0000000e+00
   1.1322000e+01   1.9053870e+00   8.0000000e+00
   1.1655000e+01   2.0447885e+00   8.0000000e+00
   1.1988000e+01   2.3106239e+00   6.0000000e+00
   1.2321000e+01   2.3809730e+00   6.0000000e+00
   1.2654000e+01   2.2428682e+00   6.0000000e+00
   1.2987000e+01   2.1115715e+00   6.0000000e+00
   1.3320000e+01   2.0457611e+00   6.0000000e+00
   1.3653000e+01   2.0013471e+00   6.0000000e+00
   1.3986000e+01   1.9536913e+00   8.0000000e+00
   1.4319000e+01   2.0574319e+00   8.0000000e+00
   1.4652000e+01   2.3449879e+00   8.0000000e+00
   1.4985000e+01   2.5407984e+00   8.0000000e+00
   1.5318000e+01   3.6213232e+00   8.0000000e+00
   1.5651000e+01   2.6176314e+00   8.0000000e+00
   1.5984000e+01   2.5913720e+00   8.0000000e+00
   1.6317000e+01   2.6792274e+00   8.0000000e+00
   1.6650000e+01   3.3645647e+00   6.0000000e+00
   1.6983000e+01   2.6153620e+00   6.0000000e+00
   1.7316000e+01   2.1832174e+00   8.0000000e+00
   1.7649000e+01   2.1670079e+00   8.0000000e+00
   1.7982000e+01   2.6166588e+00   6.0000000e+00
   1.8315000e+01   2.5806738e+00   6.0000000e+00
   1.8648000e+01   2.3449879e+00   6.0000000e+00
   1.8981000e+01   2.1815964e+00   6.0000000e+00
   1.9314000e+01   2.1835416e+00   8.0000000e+00
   1.9647000e+01   2.2208234e+00   8.0000000e+00
   1.9980000e+01   2.4432174e+00   8.0000000e+00
   2.0313000e+01   2.6827935e+00   8.0000000e+00
   2.0646000e+01   2.7314219e+00   6.0000000e+00
   2.0979000e+01   2.8649881e+00   6.0000000e+00
   2.1312000e+01   2.4292772e+00   6.0000000e+00
   2.1645000e+01   2.2162847e+00   6.0000000e+00
   2.1978000e+01   2.1086538e+00   8.0000000e+00
   2.2311000e+01   1.5186291e+00   8.0000000e+00
   2.2644000e+01   2.4989780e+00   6.0000000e+00
   2.2977000e+01   2.5612224e+00   6.0000000e+00
   2.3310000e+01   2.1926189e+00   6.0000000e+00
   2.3643000e+01   2.2195266e+00   6.0000000e+00
   2.3976000e+01   2.1086538e+00   8.0000000e+00
   2.4309000e+01   2.2075316e+00   8.0000000e+00
   2.4642000e+01   2.5181052e+00   6.0000000e+00
   2.4975000e+01   2.6153620e+00   6.0000000e+00
   2.5308000e+01   2.3822697e+00   6.0000000e+00
   2.5641000e+01   2.2726937e+00   6.0000000e+00
   2.5974000e+01   2.1190279e+00   6.0000000e+00
   2.6307000e+01   2.3492024e+00   6.0000000e+00
   2.6640000e+01   2.0201501e+00   6.0000000e+00
   2.6973000e+01   1.9653621e+00   6.0000000e+00
   2.7306000e+01   1.9335915e+00   8.0000000e+00
   2.7639000e+01   2.0723446e+00   8.0000000e+00
   2.7972000e+01   2.3339655e+00   6.0000000e+00
   2.8305000e+01   2.4866588e+00   6.0000000e+00
   2.8638000e+01   2.3472573e+00   8.0000000e+00
   2.8971000e+01   3.4634426e+00   8.0000000e+00
   2.9304000e+01   2.5686787e+00   8.0000000e+00
   2.9637000e+01   2.6503745e+00   8.0000000e+00
   2.9970000e+01   2.6296264e+00   8.0000000e+00
   3.0303000e+01   2.6571825e+00   8.0000000e+00
   3.0636000e+01   2.6354618e+00   8.0000000e+00
   3.0969000e+01   2.7229930e+00   8.0000000e+00
   3.1302000e+01   2.7307736e+00   6.0000000e+00
   3.1635000e+01   2.6030428e+00   6.0000000e+00
   3.1968000e+01   2.3647635e+00   6.0000000e+00
   3.2301000e+01   2.2081800e+00   6.0000000e+00
   3.2634000e+01   2.1096264e+00   6.0000000e+00
   3.2967000e+01   2.0506239e+00   6.0000000e+00
   3.3300000e+01   1.9861102e+00   8.0000000e+00
   3.3633000e+01   2.1417211e+00   8.0000000e+00
   3.3966000e+01   2.1394518e+00   8.0000000e+00
   3.4299000e+01   2.6607486e+00   8.0000000e+00
   3.4632000e+01   2.7071077e+00   6.0000000e+00
   3.4965000e+01   1.6865592e+00   6.0000000e+00
   3.5298000e+01   2.4056114e+00   6.0000000e+00
   3.5631000e+01   2.2431924e+00   6.0000000e+00
   3.5964000e+01   2.1073570e+00   8.0000000e+00
   3.6297000e+01   2.1174069e+00   8.0000000e+00
   3.6630000e+01   2.2273072e+00   8.0000000e+00
   3.6963000e+01   2.7106738e+00   8.0000000e+00
   3.7296000e+01   2.7414718e+00   8.0000000e+00
   3.7629000e+01   2.7602748e+00   8.0000000e+00
   3.7962000e+01   2.4578059e+00   8.0000000e+00
   3.8295000e+01   2.7644893e+00   8.0000000e+00
   3.8628000e+01   2.7469830e+00   6.0000000e+00
   3.8961000e+01   2.6403246e+00   6.0000000e+00
   3.9294000e+01   2.1514468e+00   8.0000000e+00
   3.9627000e+01   1.3802003e+00   8.0000000e+00
   3.9960000e+01   2.7084045e+00   8.0000000e+00
   4.0293000e+01   2.7411476e+00   8.0000000e+00
   4.0626000e+01   2.5913720e+00   6.0000000e+00
   4.0959000e+01   3.2348887e+00   6.0000000e+00
   4.1292000e+01   2.4062598e+00   8.0000000e+00
   4.1625000e+01   2.4458109e+00   8.0000000e+00
   4.1958000e+01   2.6017461e+00   8.0000000e+00
   4.2291000e+01   2.9333921e+00   8.0000000e+00
   4.2624000e+01   2.7654619e+00   8.0000000e+00
   4.2957000e+01   2.7557362e+00   8.0000000e+00
   4.3290000e+01   2.7956115e+00   6.0000000e+00
   4.3623000e+01   1.6210730e+00   6.0000000e+00
   4.3956000e+01   2.4328433e+00   8.0000000e+00
   4.4289000e+01   2.4409480e+00   8.0000000e+00
   4.4622000e+01   2.6662598e+00   6.0000000e+00
   4.4955000e+01   2.4824443e+00   6.0000000e+00
   4.5288000e+01   2.7126189e+00   8.0000000e+00
   4.5621000e+01   2.4117710e+00   8.0000000e+00
   4.5954000e+01   2.6513471e+00   6.0000000e+00
   4.6287000e+01   2.6104992e+00   6.0000000e+00
   4.6620000e+01   2.4069081e+00   6.0000000e+00
   4.6953000e+01   2.2373570e+00   6.0000000e+00
   4.7286000e+01   2.0506239e+00   6.0000000e+00
   4.7619000e+01   2.0104244e+00   6.0000000e+00
   4.7952000e+01   2.0220952e+00   8.0000000e+00
   4.8285000e+01   2.1491775e+00   8.0000000e+00
   4.8618000e+01   2.4869830e+00   6.0000000e+00
   4.8951000e+01   2.5388533e+00   6.0000000e+00
   4.9284000e+01   2.3936164e+00   8.0000000e+00
   4.9617000e+01   2.2613470e+00   8.0000000e+00
   4.9950000e+01   2.6416214e+00   6.0000000e+00
   5.0283000e+01   2.6380553e+00   6.0000000e+00
   5.0616000e+01   2.3770827e+00   6.0000000e+00
   5.0949000e+01   2.2370328e+00   6.0000000e+00
   5.1282000e+01   2.1112473e+00   6.0000000e+00
   5.1615000e+01   2.0302000e+00   6.0000000e+00
   5.1948000e+01   1.9958359e+00   6.0000000e+00
   5.2281000e+01   1.9595267e+00   6.0000000e+00
   5.2614000e+01   7.3473953e-01   8.0000000e+00
   5.2947000e+01   2.0820703e+00   8.0000000e+00
   5.3280000e+01   2.3894019e+00   8.0000000e+00
   5.3613000e+01   2.5771077e+00   8.0000000e+00
   5.3946000e+01   2.6532922e+00   6.0000000e+00
   5.4279000e+01   2.6494020e+00   6.0000000e+00
   5.4612000e+01   2.3621700e+00   8.0000000e+00
   5.4945000e+01   2.3709231e+00   8.0000000e+00
   5.5278000e+01   2.5926688e+00   8.0000000e+00
   5.5611000e+01   2.2127186e+00   8.0000000e+00
   5.5944000e+01   2.6370828e+00   6.0000000e+00
   5.6277000e+01   2.5268583e+00   6.0000000e+00
   5.6610000e+01   2.3067336e+00   8.0000000e+00
   5.6943000e+01   2.3767585e+00   8.0000000e+00
   5.7276000e+01   2.5767835e+00   6.0000000e+00
   5.7609000e+01   2.4146887e+00   6.0000000e+00
   5.7942000e+01   2.3323446e+00   6.0000000e+00
   5.8275000e+01   2.1589032e+00   6.0000000e+00
   5.8608000e+01   1.7702001e+00   6.0000000e+00
   5.8941000e+01   2.0172324e+00   6.0000000e+00
   5.9274000e+01   2.3284543e+00   8.0000000e+00
   5.9607000e+01   2.1634418e+00   8.0000000e+00
   5.9940000e+01   2.4458109e+00   8.0000000e+00
   6.0273000e+01   2.6805242e+00   8.0000000e+00
   6.0606000e+01   2.6957611e+00   6.0000000e+00
   6.0939000e+01   2.6046638e+00   6.0000000e+00
   6.1272000e+01   2.3978308e+00   6.0000000e+00
   6.1605000e+01   2.2276313e+00   6.0000000e+00
   6.1938000e+01   2.1294019e+00   6.0000000e+00
   6.2271000e+01   2.0191775e+00   6.0000000e+00
   6.2604000e+01   1.9942149e+00   8.0000000e+00
   6.2937000e+01   2.1624693e+00   8.0000000e+00
   6.3270000e+01   2.2477311e+00   8.0000000e+00
   6.3603000e+01   2.3180802e+00   8.0000000e+00
   6.3936000e+01   2.8730928e+00   8.0000000e+00
   6.4269000e+01   2.4931426e+00   8.0000000e+00
   6.4602000e+01   2.7200753e+00   8.0000000e+00
   6.4935000e+01   2.8024195e+00   8.0000000e+00
   6.5268000e+01   2.7353122e+00   8.0000000e+00
   6.5601000e+01   2.4856862e+00   8.0000000e+00
   6.5934000e+01   2.8124694e+00   8.0000000e+00
   6.6267000e+01   2.5706239e+00   8.0000000e+00
   6.6600000e+01   2.7612474e+00   6.0000000e+00
   6.6933000e+01   2.6802000e+00   6.0000000e+00
   6.7266000e+01   2.4130677e+00   6.0000000e+00
   6.7599000e+01   2.2425441e+00   6.0000000e+00
   6.7932000e+01   2.1375067e+00   6.0000000e+00
   6.8265000e+01   1.6940156e+00   6.0000000e+00
   6.8598000e+01   2.0256613e+00   8.0000000e+00
   6.8931000e+01   3.1065095e+00   8.0000000e+00
   6.9264000e+01   3.0099009e+00   6.0000000e+00
   6.9597000e+01   2.5758109e+00   6.0000000e+00
   6.9930000e+01   2.4062598e+00   6.0000000e+00
   7.0263000e+01   2.3654119e+00   6.0000000e+00
   7.0596000e+01   2.1170827e+00   6.0000000e+00
   7.0929000e+01   2.0567835e+00   6.0000000e+00
   7.1262000e+01   2.0110728e+00   8.0000000e+00
   7.1595000e+01   2.1190279e+00   8.0000000e+00
   7.1928000e+01   2.4402997e+00   6.0000000e+00
   7.2261000e+01   2.6108234e+00   6.0000000e+00
   7.2594000e+01   2.4263595e+00   8.0000000e+00
   7.2927000e+01   2.4078807e+00   8.0000000e+00
   7.3260000e+01   2.5278309e+00   8.0000000e+00
   7.3593000e+01   2.6296264e+00   8.0000000e+00
   7.3926000e+01   2.7158608e+00   6.0000000e+00
   7.4259000e+01   2.6173072e+00   6.0000000e+00
   7.4592000e+01   2.3845391e+00   6.0000000e+00
   7.4925000e+01   2.0289032e+00   6.0000000e+00
   7.5258000e+01   2.1203246e+00   6.0000000e+00
   7.5591000e+01   2.0645640e+00   6.0000000e+00
   7.5924000e+01   2.4189032e+00   6.0000000e+00
   7.6257000e+01   7.9341778e-01   6.0000000e+00
   7.6590000e+01   3.1496267e+00   8.0000000e+00
   7.6923000e+01   2.0788284e+00   8.0000000e+00
   7.7256000e+01   2.3265091e+00   6.0000000e+00
   7.7589000e+01   2.3939406e+00   6.0000000e+00
   7.7922000e+01   2.3365590e+00   8.0000000e+00
   7.8255000e+01   1.4777813e+00   8.0000000e+00
   7.8588000e+01   2.5881301e+00   6.0000000e+00
   7.8921000e+01   2.3235914e+00   6.0000000e+00
   7.9254000e+01   2.4023695e+00   8.0000000e+00
   7.9587000e+01   2.5443645e+00   8.0000000e+00
   7.9920000e+01   2.5317211e+00   8.0000000e+00
   8.0253000e+01   2.5994768e+00   8.0000000e+00
   8.0586000e+01   2.9813722e+00   6.0000000e+00
   8.0919000e+01   2.6147137e+00   6.0000000e+00
   8.1252000e+01   2.3586039e+00   8.0000000e+00
   8.1585000e+01   2.4402997e+00   8.0000000e+00
   8.1918000e+01   2.5907236e+00   6.0000000e+00
   8.2251000e+01   2.6432424e+00   6.0000000e+00
   8.2584000e+01   2.3595765e+00   8.0000000e+00
   8.2917000e+01   3.0300007e+00   8.0000000e+00
   8.3250000e+01   2.6085541e+00   8.0000000e+00
   8.3583000e+01   2.6746888e+00   8.0000000e+00
   8.3916000e+01   2.6753371e+00   8.0000000e+00
   8.4249000e+01   2.6873321e+00   8.0000000e+00
   8.4582000e+01   2.6380553e+00   8.0000000e+00
   8.4915000e+01   2.8153871e+00   8.0000000e+00
   8.5248000e+01   2.6905740e+00   8.0000000e+00
   8.5581000e+01   2.7499008e+00   8.0000000e+00
   8.5914000e+01   3.4919713e+00   8.0000000e+00
   8.6247000e+01   2.6390279e+00   8.0000000e+00
   8.6580000e+01   2.6967336e+00   6.0000000e+00
   8.6913000e+01   2.7832923e+00   6.0000000e+00
   8.7246000e+01   2.3793520e+00   8.0000000e+00
   8.7579000e+01   2.4234418e+00   8.0000000e+00
   8.7912000e+01   2.4153371e+00   6.0000000e+00
   8.8245000e+01   2.6578309e+00   6.0000000e+00
   8.8578000e+01   2.4091775e+00   8.0000000e+00
   8.8911000e+01   2.4655865e+00   8.0000000e+00
   8.9244000e+01   2.6656114e+00   6.0000000e+00
   8.9577000e+01   2.6513471e+00   6.0000000e+00
   8.9910000e+01   2.3884293e+00   8.0000000e+00
   9.0243000e+01   2.4189032e+00   8.0000000e+00
   9.0576000e+01   2.6688533e+00   6.0000000e+00
   9.0909000e+01   2.6121202e+00   6.0000000e+00
   9.1242000e+01   2.3906987e+00   8.0000000e+00
   9.1575000e+01   2.2487037e+00   8.0000000e+00
   9.1908000e+01   2.6695017e+00   6.0000000e+00
   9.2241000e+01   2.5732174e+00   6.0000000e+00
   9.2574000e+01   2.3268333e+00   6.0000000e+00
   9.2907000e+01   1.1529436e+00   6.0000000e+00
   9.3240000e+01   2.0934169e+00   6.0000000e+00
   9.3573000e+01   2.0473820e+00   6.0000000e+00
   9.3906000e+01   2.0039406e+00   6.0000000e+00
   9.4239000e+01   1.9669830e+00   6.0000000e+00
   9.4572000e+01   1.9300254e+00   6.0000000e+00
   9.4905000e+01   1.9134918e+00   6.0000000e+00
   9.5238000e+01   1.9238658e+00   8.0000000e+00
   9.5571000e+01   2.0019955e+00   8.0000000e+00
   9.5904000e+01   2.0149631e+00   6.0000000e+00
   9.6237000e+01   2.4931426e+00   6.0000000e+00
   9.6570000e+01   2.2986288e+00   8.0000000e+00
   9.6903000e+01   2.3634667e+00   8.0000000e+00
   9.7236000e+01   2.5489032e+00   6.0000000e+00
   9.7569000e+01   2.5346388e+00   6.0000000e+00
   9.7902000e+01   2.3174318e+00   6.0000000e+00
   9.8235000e+01   2.1952124e+00   6.0000000e+00
   9.8568000e+01   1.4729185e+00   8.0000000e+00
   9.8901000e+01   2.2269830e+00   8.0000000e+00
   9.9234000e+01   2.0609980e+00   6.0000000e+00
   9.9567000e+01   2.2581052e+00   6.0000000e+00
   9.9900000e+01   2.2600503e+00   8.0000000e+00
   1.0023300e+02   2.3618458e+00   8.0000000e+00
   1.0056600e+02   2.5015715e+00   8.0000000e+00
   1.0089900e+02   2.6250877e+00   8.0000000e+00
   1.0123200e+02   2.6545890e+00   8.0000000e+00
   1.0156500e+02   3.5590787e+00   8.0000000e+00
   1.0189800e+02   2.6928434e+00   8.0000000e+00
   1.0223100e+02   2.5200503e+00   8.0000000e+00
   1.0256400e+02   2.7246140e+00   8.0000000e+00
   1.0289700e+02   2.7145641e+00   8.0000000e+00
   1.0323000e+02   3.8492289e+00   6.0000000e+00
   1.0356300e+02   2.6267087e+00   6.0000000e+00
   1.0389600e+02   2.0207985e+00   6.0000000e+00
   1.0422900e+02   2.2435166e+00   6.0000000e+00
   1.0456200e+02   1.6956365e+00   8.0000000e+00
   1.0489500e+02   2.2409231e+00   8.0000000e+00
   1.0522800e+02   2.3845391e+00   6.0000000e+00
   1.0556100e+02   2.2843645e+00   6.0000000e+00
   1.0589400e+02   2.4185790e+00   6.0000000e+00
   1.0622700e+02   8.4107360e-01   6.0000000e+00
   1.0656000e+02   2.1394518e+00   6.0000000e+00
   1.0689300e+02   2.0619705e+00   6.0000000e+00
   1.0722600e+02   2.0136663e+00   8.0000000e+00
   1.0755900e+02   2.1815964e+00   8.0000000e+00
   1.0789200e+02   3.0520456e+00   6.0000000e+00
   1.0822500e+02   2.6040154e+00   6.0000000e+00
   1.0855800e+02   2.0548384e+00   6.0000000e+00
   1.0889100e+02   2.2211476e+00   6.0000000e+00
   1.0922400e+02   2.1180553e+00   8.0000000e+00
   1.0955700e+02   2.2516214e+00   8.0000000e+00
   1.0989000e+02   2.5501999e+00   6.0000000e+00
   1.1022300e+02   2.5748383e+00   6.0000000e+00
   1.1055600e+02   2.6234668e+00   6.0000000e+00
   1.1088900e+02   2.2192024e+00   6.0000000e+00
   1.1122200e+02   2.1203246e+00   8.0000000e+00
   1.1155500e+02   2.1631176e+00   8.0000000e+00
   1.1188800e+02   2.3407735e+00   6.0000000e+00
   1.1222100e+02   2.5683546e+00   6.0000000e+00
   1.1255400e+02   2.2081800e+00   8.0000000e+00
   1.1288700e+02   2.3712473e+00   8.0000000e+00
   1.1322000e+02   2.5576563e+00   6.0000000e+00
   1.1355300e+02   2.6351376e+00   6.0000000e+00
   1.1388600e+02   2.4182548e+00   6.0000000e+00
   1.1421900e+02   2.2405989e+00   6.0000000e+00
   1.1455200e+02   2.1319954e+00   8.0000000e+00
   1.1488500e+02   2.2302249e+00   8.0000000e+00
   1.1521800e+02   2.5498757e+00   8.0000000e+00
   1.1555100e+02   2.6960853e+00   8.0000000e+00
   1.1588400e+02   2.7570329e+00   8.0000000e+00
   1.1621700e+02   2.7054868e+00   8.0000000e+00
   1.1655000e+02   2.7897761e+00   8.0000000e+00
   1.1688300e+02   2.7048384e+00   8.0000000e+00
   1.1721600e+02   3.9293039e+00   8.0000000e+00
   1.1754900e+02   2.7735666e+00   8.0000000e+00
   1.1788200e+02   2.9586789e+00   6.0000000e+00
   1.1821500e+02   2.6257361e+00   6.0000000e+00
   1.1854800e+02   2.3881051e+00   8.0000000e+00
   1.1888100e+02   2.4441899e+00   8.0000000e+00
   1.1921400e+02   2.6964095e+00   6.0000000e+00
   1.1954700e+02   2.6837661e+00   6.0000000e+00
   1.1988000e+02   2.4338159e+00   6.0000000e+00
   1.2021300e+02   2.2759356e+00   6.0000000e+00
   1.2054600e+02   1.9929182e+00   6.0000000e+00
   1.2087900e+02   2.0810977e+00   6.0000000e+00
   1.2121200e+02   2.0279306e+00   8.0000000e+00
   1.2154500e+02   2.1034668e+00   8.0000000e+00
   1.2187800e+02   2.4655865e+00   6.0000000e+00
   1.2221100e+02   2.5631675e+00   6.0000000e+00
   1.2254400e+02   2.3929680e+00   6.0000000e+00
   1.2287700e+02   2.2269830e+00   6.0000000e+00
   1.2321000e+02   2.0373321e+00   6.0000000e+00
   1.2354300e+02   1.6152376e+00   6.0000000e+00
   1.2387600e+02   1.9154369e+00   6.0000000e+00
   1.2420900e+02   1.9919456e+00   6.0000000e+00
   1.2454200e+02   1.8476813e+00   6.0000000e+00
   1.2487500e+02   1.9021451e+00   6.0000000e+00
   1.2520800e+02   1.8865841e+00   8.0000000e+00
   1.2554100e+02   2.0736413e+00   8.0000000e+00
   1.2587400e+02   2.3530927e+00   8.0000000e+00
   1.2620700e+02   3.4537169e+00   8.0000000e+00
   1.2654000e+02   2.4584543e+00   8.0000000e+00
   1.2687300e+02   2.6847386e+00   8.0000000e+00
   1.2720600e+02   2.6750129e+00   6.0000000e+00
   1.2753900e+02   2.5557112e+00   6.0000000e+00
   1.2787200e+02   2.2415715e+00   6.0000000e+00
   1.2820500e+02   2.2684792e+00   6.0000000e+00
   1.2853800e+02   2.0940653e+00   6.0000000e+00
   1.2887100e+02   1.6898011e+00   6.0000000e+00
   1.2920400e+02   1.9938907e+00   6.0000000e+00
   1.2953700e+02   1.9656863e+00   6.0000000e+00
   1.2987000e+02   1.9131676e+00   8.0000000e+00
   1.3020300e+02   2.0609980e+00   8.0000000e+00
   1.3053600e+02   1.5046890e+00   8.0000000e+00
   1.3086900e+02   2.6704743e+00   8.0000000e+00
   1.3120200e+02   2.6746888e+00   6.0000000e+00
   1.3153500e+02   2.5933172e+00   6.0000000e+00
   1.3186800e+02   2.3226189e+00   6.0000000e+00
   1.3220100e+02   2.1926189e+00   6.0000000e+00
   1.3253400e+02   2.0992523e+00   8.0000000e+00
   1.3286700e+02   2.2221201e+00   8.0000000e+00
   1.3320000e+02   2.4753121e+00   6.0000000e+00
   1.3353300e+02   2.5372324e+00   6.0000000e+00
   1.3386600e+02   2.0126937e+00   8.0000000e+00
   1.3419900e+02   2.4477560e+00   8.0000000e+00
   1.3453200e+02   2.7722698e+00   8.0000000e+00
   1.3486500e+02   3.0624197e+00   8.0000000e+00
   1.3519800e+02   2.6863596e+00   6.0000000e+00
   1.3553100e+02   2.7372574e+00   6.0000000e+00
   1.3586400e+02   2.4691525e+00   6.0000000e+00
   1.3619700e+02   2.2889032e+00   6.0000000e+00
   1.3653000e+02   2.1708982e+00   8.0000000e+00
   1.3686300e+02   2.0827187e+00   8.0000000e+00
   1.3719600e+02   2.6750129e+00   6.0000000e+00
   1.3752900e+02   2.6474568e+00   6.0000000e+00
   1.3786200e+02   2.4565091e+00   8.0000000e+00
   1.3819500e+02   3.4141657e+00   8.0000000e+00
   1.3852800e+02   2.7421202e+00   6.0000000e+00
   1.3886100e+02   2.7414718e+00   6.0000000e+00
   1.3919400e+02   2.4672074e+00   6.0000000e+00
   1.3952700e+02   2.2889032e+00   6.0000000e+00
   1.3986000e+02   2.1566338e+00   6.0000000e+00
   1.4019300e+02   2.9006490e+00   6.0000000e+00
   1.4052600e+02   2.0438159e+00   8.0000000e+00
   1.4085900e+02   2.1692772e+00   8.0000000e+00
   1.4119200e+02   2.4740154e+00   8.0000000e+00
   1.4152500e+02   2.7064593e+00   8.0000000e+00
   1.4185800e+02   2.8341901e+00   8.0000000e+00
   1.4219100e+02   2.8043646e+00   8.0000000e+00
   1.4252400e+02   2.8931926e+00   6.0000000e+00
   1.4285700e+02   2.6811725e+00   6.0000000e+00
   1.4319000e+02   2.4383545e+00   6.0000000e+00
   1.4352300e+02   2.2681550e+00   6.0000000e+00
   1.4385600e+02   2.1537161e+00   8.0000000e+00
   1.4418900e+02   2.2798258e+00   8.0000000e+00
   1.4452200e+02   2.5391775e+00   6.0000000e+00
   1.4485500e+02   2.9304744e+00   6.0000000e+00
   1.4518800e+02   3.4164351e+00   8.0000000e+00
   1.4552100e+02   2.4069081e+00   8.0000000e+00
   1.4585400e+02   3.3700759e+00   8.0000000e+00
   1.4618700e+02   2.7998260e+00   8.0000000e+00
   1.4652000e+02   2.8335417e+00   8.0000000e+00
   1.4685300e+02   2.8649881e+00   8.0000000e+00
   1.4718600e+02   2.9625692e+00   6.0000000e+00
   1.4751900e+02   2.7680554e+00   6.0000000e+00
   1.4785200e+02   2.5100004e+00   8.0000000e+00
   1.4818500e+02   2.6425940e+00   8.0000000e+00
   1.4851800e+02   2.6814967e+00   6.0000000e+00
   1.4885100e+02   2.7865342e+00   6.0000000e+00
   1.4918400e+02   3.7357623e+00   6.0000000e+00
   1.4951700e+02   2.3232672e+00   6.0000000e+00
   1.4985000e+02   2.1884044e+00   6.0000000e+00
   1.5018300e+02   2.1002249e+00   6.0000000e+00
   1.5051600e+02   2.4905491e+00   6.0000000e+00
   1.5084900e+02   1.9313222e+00   6.0000000e+00
   1.5118200e+02   2.6604244e+00   6.0000000e+00
   1.5151500e+02   1.9429930e+00   6.0000000e+00
   1.5184800e+02   1.9092773e+00   6.0000000e+00
   1.5218100e+02   1.8869082e+00   6.0000000e+00
   1.5251400e+02   1.8690778e+00   6.0000000e+00
   1.5284700e+02   2.3119206e+00   6.0000000e+00
   1.5318000e+02   1.8463846e+00   8.0000000e+00
   1.5351300e+02   2.3738408e+00   8.0000000e+00
   1.5384600e+02   2.3563346e+00   6.0000000e+00
   1.5417900e+02   2.4993022e+00   6.0000000e+00
   1.5451200e+02   3.2750882e+00   8.0000000e+00
   1.5484500e+02   9.0655982e-01   8.0000000e+00
   1.5517800e+02   2.5748383e+00   8.0000000e+00
   1.5551100e+02   2.6036912e+00   8.0000000e+00
   1.5584400e+02   2.6568583e+00   6.0000000e+00
   1.5617700e+02   2.5323695e+00   6.0000000e+00
   1.5651000e+02   2.3307236e+00   8.0000000e+00
   1.5684300e+02   2.4120952e+00   8.0000000e+00
   1.5717600e+02   2.6088783e+00   6.0000000e+00
   1.5750900e+02   2.5570079e+00   6.0000000e+00
   1.5784200e+02   1.9018210e+00   6.0000000e+00
   1.5817500e+02   2.1932673e+00   6.0000000e+00
   1.5850800e+02   2.0820703e+00   8.0000000e+00
   1.5884100e+02   2.1034668e+00   8.0000000e+00
   1.5917400e+02   2.4720702e+00   8.0000000e+00
   1.5950700e+02   1.4913972e+00   8.0000000e+00
   1.5984000e+02   2.7041900e+00   8.0000000e+00
   1.6017300e+02   2.7184544e+00   8.0000000e+00
   1.6050600e+02   2.7557362e+00   6.0000000e+00
   1.6083900e+02   2.8277063e+00   6.0000000e+00
   1.6117200e+02   2.3868084e+00   8.0000000e+00
   1.6150500e+02   2.4399755e+00   8.0000000e+00
   1.6183800e+02   2.5868334e+00   6.0000000e+00
   1.6217100e+02   2.6707985e+00   6.0000000e+00
   1.6250400e+02   2.4860104e+00   8.0000000e+00
   1.6283700e+02   2.4001002e+00   8.0000000e+00
   1.6317000e+02   2.6396763e+00   8.0000000e+00
   1.6350300e+02   2.6309231e+00   8.0000000e+00
   1.6383600e+02   2.7113222e+00   6.0000000e+00
   1.6416900e+02   2.5858608e+00   6.0000000e+00
   1.6450200e+02   2.3819455e+00   6.0000000e+00
   1.6483500e+02   2.2036413e+00   6.0000000e+00
   1.6516800e+02   2.1660353e+00   8.0000000e+00
   1.6550100e+02   2.2263346e+00   8.0000000e+00
   1.6583400e+02   1.1036669e+00   8.0000000e+00
   1.6616700e+02   2.7573571e+00   8.0000000e+00
   1.6650000e+02   2.8140903e+00   8.0000000e+00
   1.6683300e+02   2.8166838e+00   8.0000000e+00
   1.6716600e+02   2.8069581e+00   6.0000000e+00
   1.6749900e+02   2.6659356e+00   6.0000000e+00
   1.6783200e+02   2.4279805e+00   6.0000000e+00
   1.6816500e+02   2.2487037e+00   6.0000000e+00
   1.6849800e+02   1.6936914e+00   8.0000000e+00
   1.6883100e+02   2.4873072e+00   8.0000000e+00
   1.6916400e+02   2.5278309e+00   8.0000000e+00
   1.6949700e+02   2.7479556e+00   8.0000000e+00
   1.6983000e+02   2.8212225e+00   8.0000000e+00
   1.7016300e+02   3.5341160e+00   8.0000000e+00
   1.7049600e+02   2.8815218e+00   6.0000000e+00
   1.7082900e+02   3.1343898e+00   6.0000000e+00
   1.7116200e+02   2.3222947e+00   6.0000000e+00
   1.7149500e+02   2.2924692e+00   6.0000000e+00
   1.7182800e+02   2.1572822e+00   6.0000000e+00
   1.7216100e+02   2.0927685e+00   6.0000000e+00
   1.7249400e+02   2.0626189e+00   6.0000000e+00
   1.7282700e+02   1.9520703e+00   6.0000000e+00
   1.7316000e+02   1.9789780e+00   6.0000000e+00
   1.7349300e+02   1.7974320e+00   6.0000000e+00
   1.7382600e+02   1.9076564e+00   6.0000000e+00
   1.7415900e+02   1.8794519e+00   6.0000000e+00
   1.7449200e+02   1.8716713e+00   6.0000000e+00
   1.7482500e+02   1.8574070e+00   6.0000000e+00
   1.7515800e+02   1.8330928e+00   6.0000000e+00
   1.7549100e+02   1.6839657e+00   6.0000000e+00
   1.7582400e+02   2.1423695e+00   6.0000000e+00
   1.7615700e+02   1.9436414e+00   6.0000000e+00
   1.7649000e+02   1.8528684e+00   8.0000000e+00
   1.7682300e+02   2.0010229e+00   8.0000000e+00
   1.7715600e+02   2.0314967e+00   8.0000000e+00
   1.7748900e+02   2.5884543e+00   8.0000000e+00
   1.7782200e+02   2.6763097e+00   8.0000000e+00
   1.7815500e+02   2.7839407e+00   8.0000000e+00
   1.7848800e+02   2.9505742e+00   8.0000000e+00
   1.7882100e+02   2.5424194e+00   8.0000000e+00
   1.7915400e+02   2.6980304e+00   6.0000000e+00
   1.7948700e+02   2.8607736e+00   6.0000000e+00
   1.7982000e+02   2.3696263e+00   6.0000000e+00
   1.8015300e+02   2.2286039e+00   6.0000000e+00
   1.8048600e+02   1.7805741e+00   6.0000000e+00
   1.8081900e+02   2.7570329e+00   6.0000000e+00
   1.8115200e+02   1.6431178e+00   6.0000000e+00
   1.8148500e+02   1.8797761e+00   6.0000000e+00
   1.8181800e+02   1.9086289e+00   8.0000000e+00
   1.8215100e+02   2.0976314e+00   8.0000000e+00
   1.8248400e+02   2.4341401e+00   6.0000000e+00
   1.8281700e+02   2.5093520e+00   6.0000000e+00
   1.8315000e+02   2.2950628e+00   6.0000000e+00
   1.8348300e+02   2.1589032e+00   6.0000000e+00
   1.8381600e+02   2.0934169e+00   6.0000000e+00
   1.8414900e+02   2.0337660e+00   6.0000000e+00
   1.8448200e+02   2.1799755e+00   8.0000000e+00
   1.8481500e+02   2.2221201e+00   8.0000000e+00
   1.8514800e+02   2.4312224e+00   8.0000000e+00
   1.8548100e+02   2.5891027e+00   8.0000000e+00
   1.8581400e+02   2.6724194e+00   8.0000000e+00
   1.8614700e+02   2.7842649e+00   8.0000000e+00
   1.8648000e+02   2.6870080e+00   8.0000000e+00
   1.8681300e+02   2.6818209e+00   8.0000000e+00
   1.8714600e+02   2.7440653e+00   6.0000000e+00
   1.8747900e+02   2.6785790e+00   6.0000000e+00
   1.8781200e+02   2.3696263e+00   8.0000000e+00
   1.8814500e+02   2.4153371e+00   8.0000000e+00
   1.8847800e+02   2.5527935e+00   6.0000000e+00
   1.8881100e+02   2.6730678e+00   6.0000000e+00
   1.8914400e+02   2.4257111e+00   6.0000000e+00
   1.8947700e+02   2.5492274e+00   6.0000000e+00
   1.8981000e+02   2.1401002e+00   8.0000000e+00
   1.9014300e+02   2.2606987e+00   8.0000000e+00
   1.9047600e+02   2.3248882e+00   8.0000000e+00
   1.9080900e+02   2.7080803e+00   8.0000000e+00
   1.9114200e+02   2.7528185e+00   6.0000000e+00
   1.9147500e+02   2.6591276e+00   6.0000000e+00
   1.9180800e+02   2.3926438e+00   6.0000000e+00
   1.9214100e+02   2.2519456e+00   6.0000000e+00
   1.9247400e+02   1.8428185e+00   8.0000000e+00
   1.9280700e+02   2.2360603e+00   8.0000000e+00
   1.9314000e+02   2.5252373e+00   6.0000000e+00
   1.9347300e+02   3.1246641e+00   6.0000000e+00
   1.9380600e+02   2.1747885e+00   6.0000000e+00
   1.9413900e+02   1.9011726e+00   6.0000000e+00
   1.9447200e+02   2.1488533e+00   8.0000000e+00
   1.9480500e+02   2.2188782e+00   8.0000000e+00
   1.9513800e+02   2.5440403e+00   6.0000000e+00
   1.9547100e+02   2.6098508e+00   6.0000000e+00
   1.9580400e+02   2.3984792e+00   6.0000000e+00
   1.9613700e+02   2.4905491e+00   6.0000000e+00
   1.9647000e+02   2.3449879e+00   6.0000000e+00
   1.9680300e+02   2.1161102e+00   6.0000000e+00
   1.9713600e+02   2.0165840e+00   6.0000000e+00
   1.9746900e+02   1.9981052e+00   6.0000000e+00
   1.9780200e+02   1.9588783e+00   8.0000000e+00
   1.9813500e+02   2.0921201e+00   8.0000000e+00
   1.9846800e+02   2.5453371e+00   6.0000000e+00
   1.9880100e+02   2.4539156e+00   6.0000000e+00
   1.9913400e+02   2.3271575e+00   8.0000000e+00
   1.9946700e+02   2.3971825e+00   8.0000000e+00
   1.9980000e+02   2.6195765e+00   8.0000000e+00
   2.0013300e+02   2.6779306e+00   8.0000000e+00
   2.0046600e+02   3.3642405e+00   8.0000000e+00
   2.0079900e+02   2.6814967e+00   8.0000000e+00
   2.0113200e+02   2.6921950e+00   8.0000000e+00
   2.0146500e+02   2.9849383e+00   8.0000000e+00
   2.0179800e+02   2.7220204e+00   6.0000000e+00
   2.0213100e+02   2.7511975e+00   6.0000000e+00
   2.0246400e+02   2.3835665e+00   6.0000000e+00
   2.0279700e+02   2.2282797e+00   6.0000000e+00
   2.0313000e+02   2.2785291e+00   6.0000000e+00
   2.0346300e+02   2.0720204e+00   6.0000000e+00
   2.0379600e+02   2.0243646e+00   8.0000000e+00
   2.0412900e+02   2.1514468e+00   8.0000000e+00
   2.0446200e+02   2.4626687e+00   8.0000000e+00
   2.0479500e+02   2.6623695e+00   8.0000000e+00
   2.0512800e+02   2.6406488e+00   6.0000000e+00
   2.0546100e+02   2.6510229e+00   6.0000000e+00
   2.0579400e+02   2.4095017e+00   6.0000000e+00
   2.0612700e+02   2.6448633e+00   6.0000000e+00
   2.0646000e+02   2.1310229e+00   8.0000000e+00
   2.0679300e+02   2.2029929e+00   8.0000000e+00
   2.0712600e+02   2.5307486e+00   8.0000000e+00
   2.0745900e+02   2.8354868e+00   8.0000000e+00
   2.0779200e+02   2.8007985e+00   8.0000000e+00
   2.0812500e+02   2.8176564e+00   8.0000000e+00
   2.0845800e+02   2.8260853e+00   8.0000000e+00
   2.0879100e+02   2.8241402e+00   8.0000000e+00
   2.0912400e+02   2.8649881e+00   6.0000000e+00
   2.0945700e+02   2.7126189e+00   6.0000000e+00
   2.0979000e+02   2.2457860e+00   8.0000000e+00
   2.1012300e+02   2.5424194e+00   8.0000000e+00
   2.1045600e+02   2.5018957e+00   8.0000000e+00
   2.1078900e+02   3.1570831e+00   8.0000000e+00
   2.1112200e+02   3.8916978e+00   6.0000000e+00
   2.1145500e+02   2.7061351e+00   6.0000000e+00
   2.1178800e+02   2.5599256e+00   8.0000000e+00
   2.1212100e+02   2.4503495e+00   8.0000000e+00
   2.1245400e+02   2.7285042e+00   8.0000000e+00
   2.1278700e+02   2.9201004e+00   8.0000000e+00
   2.1312000e+02   2.8179806e+00   8.0000000e+00
   2.1345300e+02   2.6905740e+00   8.0000000e+00
   2.1378600e+02   2.8186290e+00   6.0000000e+00
   2.1411900e+02   2.7262349e+00   6.0000000e+00
   2.1445200e+02   2.4480802e+00   8.0000000e+00
   2.1478500e+02   2.4905491e+00   8.0000000e+00
   2.1511800e+02   2.7301252e+00   6.0000000e+00
   2.1545100e+02   2.3767585e+00   6.0000000e+00
   2.1578400e+02   2.4195515e+00   8.0000000e+00
   2.1611700e+02   2.4973570e+00   8.0000000e+00
   2.1645000e+02   2.6750129e+00   6.0000000e+00
   2.1678300e+02   3.7840667e+00   6.0000000e+00
   2.1711600e+02   2.4299256e+00   6.0000000e+00
   2.1744900e+02   2.1323196e+00   6.0000000e+00
   2.1778200e+02   2.1465840e+00   6.0000000e+00
   2.1811500e+02   2.0629431e+00   6.0000000e+00
   2.1844800e+02   2.0314967e+00   8.0000000e+00
   2.1878100e+02   1.6191278e+00   8.0000000e+00
   2.1911400e+02   2.4545640e+00   6.0000000e+00
   2.1944700e+02   2.5754867e+00   6.0000000e+00
   2.1978000e+02   2.1277810e+00   8.0000000e+00
   2.2011300e+02   2.4247386e+00   8.0000000e+00
   2.2044600e+02   3.2968090e+00   6.0000000e+00
   2.2077900e+02   2.9113472e+00   6.0000000e+00
   2.2111200e+02   2.3158109e+00   6.0000000e+00
   2.2144500e+02   2.0684543e+00   6.0000000e+00
   2.2177800e+02   2.1644144e+00   6.0000000e+00
   2.2211100e+02   2.0846638e+00   6.0000000e+00
   2.2244400e+02   1.7238410e+00   6.0000000e+00
   2.2277700e+02   2.0075067e+00   6.0000000e+00
   2.2311000e+02   2.0577561e+00   8.0000000e+00
   2.2344300e+02   2.0318209e+00   8.0000000e+00
   2.2377600e+02   2.4185790e+00   8.0000000e+00
   2.2410900e+02   2.3245640e+00   8.0000000e+00
   2.2444200e+02   2.7220204e+00   6.0000000e+00
   2.2477500e+02   2.8704993e+00   6.0000000e+00
   2.2510800e+02   2.2217959e+00   8.0000000e+00
   2.2544100e+02   2.4451625e+00   8.0000000e+00
   2.2577400e+02   2.6519955e+00   8.0000000e+00
   2.2610700e+02   2.6840903e+00   8.0000000e+00
   2.2644000e+02   2.6990030e+00   6.0000000e+00
   2.2677300e+02   2.5784044e+00   6.0000000e+00
   2.2710600e+02   2.3621700e+00   8.0000000e+00
   2.2743900e+02   2.7599506e+00   8.0000000e+00
   2.2777200e+02   2.6331925e+00   6.0000000e+00
   2.2810500e+02   2.4250628e+00   6.0000000e+00
   2.2843800e+02   2.3871326e+00   6.0000000e+00
   2.2877100e+02   2.2192024e+00   6.0000000e+00
   2.2910400e+02   2.1378309e+00   6.0000000e+00
   2.2943700e+02   2.0820703e+00   6.0000000e+00
   2.2977000e+02   1.9971326e+00   8.0000000e+00
   2.3010300e+02   2.1770578e+00   8.0000000e+00
   2.3043600e+02   2.5981800e+00   8.0000000e+00
   2.3076900e+02   2.6730678e+00   8.0000000e+00
   2.3110200e+02   2.6127685e+00   6.0000000e+00
   2.3143500e+02   2.8954619e+00   6.0000000e+00
   2.3176800e+02   2.4201999e+00   6.0000000e+00
   2.3210100e+02   2.2947386e+00   6.0000000e+00
   2.3243400e+02   2.5268583e+00   6.0000000e+00
   2.3276700e+02   2.0198259e+00   6.0000000e+00
   2.3310000e+02   1.9692524e+00   8.0000000e+00
   2.3343300e+02   2.1362099e+00   8.0000000e+00
   2.3376600e+02   3.3259861e+00   8.0000000e+00
   2.3409900e+02   2.6811725e+00   8.0000000e+00
   2.3443200e+02   2.5463097e+00   8.0000000e+00
   2.3476500e+02   2.7654619e+00   8.0000000e+00
   2.3509800e+02   2.8335417e+00   8.0000000e+00
   2.3543100e+02   2.7764843e+00   8.0000000e+00
   2.3576400e+02   2.7849132e+00   8.0000000e+00
   2.3609700e+02   2.7771327e+00   8.0000000e+00
   2.3643000e+02   2.7304494e+00   8.0000000e+00
   2.3676300e+02   2.7712973e+00   8.0000000e+00
   2.3709600e+02   2.7755117e+00   6.0000000e+00
   2.3742900e+02   2.3787037e+00   6.0000000e+00
   2.3776200e+02   2.4189032e+00   6.0000000e+00
   2.3809500e+02   2.0995765e+00   6.0000000e+00
   2.3842800e+02   2.2775565e+00   6.0000000e+00
   2.3876100e+02   2.2950628e+00   6.0000000e+00
   2.3909400e+02   2.0314967e+00   8.0000000e+00
   2.3942700e+02   2.1417211e+00   8.0000000e+00
   2.3976000e+02   3.2637416e+00   6.0000000e+00
   2.4009300e+02   2.5424194e+00   6.0000000e+00
   2.4042600e+02   2.7233172e+00   6.0000000e+00
   2.4075900e+02   2.2311974e+00   6.0000000e+00
   2.4109200e+02   2.1290777e+00   6.0000000e+00
   2.4142500e+02   2.0590528e+00   6.0000000e+00
   2.4175800e+02   2.0207985e+00   8.0000000e+00
   2.4209100e+02   2.1676563e+00   8.0000000e+00
   2.4242400e+02   3.6731936e+00   6.0000000e+00
   2.4275700e+02   2.6092024e+00   6.0000000e+00
   2.4309000e+02   2.3748134e+00   8.0000000e+00
   2.4342300e+02   2.6179556e+00   8.0000000e+00
   2.4375600e+02   3.2248388e+00   8.0000000e+00
   2.4408900e+02   2.7097012e+00   8.0000000e+00
   2.4442200e+02   2.7330429e+00   6.0000000e+00
   2.4475500e+02   2.6604244e+00   6.0000000e+00
   2.4508800e+02   2.4286288e+00   6.0000000e+00
   2.4542100e+02   2.1864593e+00   6.0000000e+00
   2.4575400e+02   2.0733172e+00   6.0000000e+00
   2.4608700e+02   2.0519207e+00   6.0000000e+00
   2.4642000e+02   1.8463846e+00   6.0000000e+00
   2.4675300e+02   1.9893521e+00   6.0000000e+00
   2.4708600e+02   1.9968085e+00   8.0000000e+00
   2.4741900e+02   2.0956862e+00   8.0000000e+00
   2.4775200e+02   3.1703749e+00   6.0000000e+00
   2.4808500e+02   2.5508483e+00   6.0000000e+00
   2.4841800e+02   2.3923196e+00   8.0000000e+00
   2.4875100e+02   2.4137161e+00   8.0000000e+00
   2.4908400e+02   2.5819705e+00   6.0000000e+00
   2.4941700e+02   2.5576563e+00   6.0000000e+00
   2.4975000e+02   2.7135915e+00   8.0000000e+00
   2.5008300e+02   2.4321949e+00   8.0000000e+00
   2.5041600e+02   2.7554120e+00   8.0000000e+00
   2.5074900e+02   2.4950877e+00   8.0000000e+00
   2.5108200e+02   2.6883047e+00   6.0000000e+00
   2.5141500e+02   2.6241152e+00   6.0000000e+00
   2.5174800e+02   2.3368832e+00   8.0000000e+00
   2.5208100e+02   2.4934668e+00   8.0000000e+00
   2.5241400e+02   2.7511975e+00   6.0000000e+00
   2.5274700e+02   2.6429182e+00   6.0000000e+00
   2.5308000e+02   2.4338159e+00   8.0000000e+00
   2.5341300e+02   2.4895765e+00   8.0000000e+00
